camera matrix 1:
 [[ 536.86303957    0.          338.54127669]
 [   0.          537.17967509  231.541806  ]
 [   0.            0.            1.        ]]


camera matrix 2:
 [[ 540.08174424    0.          327.19216138]
 [   0.          539.62646864  248.38859329]
 [   0.            0.            1.        ]]


Rotation Matrix:
 [[ 0.99998962  0.00377592 -0.00255072]
 [-0.00380157  0.9999415  -0.01012666]
 [ 0.00251234  0.01013626  0.99994547]]


Transltion:
 [[-3.33176008]
 [ 0.03614154]
 [-0.02355046]]


Essential Matrix:
 [[  1.27105901e-06   2.39154194e-02   3.59010804e-02]
 [ -1.51797130e-02   3.36826487e-02   3.33163848e+00]
 [ -2.34752575e-02  -3.33170164e+00   3.38318034e-02]]


Fundamental Matrix:
 [[ -7.06307205e-11  -1.32815836e-06  -7.63475273e-04]
 [  8.44224086e-07  -1.87216597e-06  -9.93276875e-02]
 [  4.94854711e-04   1.00829949e-01   1.00000000e+00]]


Distortion Coefficients:
 [[-0.30125808  0.15751817  0.0014315   0.00048715 -0.05661849]]
 [[-0.3051799   0.19547799 -0.00053144  0.00116382 -0.15006418]]
